%YAML:1.0
cameras:
    - {T_SC:
       [-0.9995659, 0.01749552, -0.02370463, 0.08351123,
        -0.01665316, -0.99923874, -0.03527894, -0.00506557,
        -0.02430381, -0.03486887, 0.99909634, 0.04011354,
          0.0, 0.0, 0.0, 1.0],
       image_dimension: [1600, 1200],
       distortion_coefficients: [-0.16012168, 0.1020015, 0.00369027, 0.0034287],
       distortion_type: radialtangential,
       focal_length: [1149.52000993, 1150.57923685], 
       principal_point: [798.75530924, 577.20248548]} 
    - {T_SC:
       [-0.99978446,  0.01454984, -0.01480997, -0.05868093,
        -0.01448955, -0.99988632, -0.00417068, -0.00695112,
        -0.01486897, -0.0039552,   0.99988163,  0.03934924,
          0.0, 0.0, 0.0, 1.0],
       image_dimension: [1600, 1200],
       distortion_coefficients: [-0.14726897, 0.08035029, -0.00216681, 0.00125576],
       distortion_type: radialtangential,
       focal_length: [1151.2674512, 1148.87177954], 
       principal_point: [782.44896179, 573.73883587]} 

camera_params:
    camera_rate: 15 # just to manage the expectations of when there should be frames arriving
    sigma_absolute_translation: 0.0 # The standard deviation of the camera extrinsics translation, e.g. 1.0e-10 for online-calib [m].
    sigma_absolute_orientation: 0.0 # The standard deviation of the camera extrinsics orientation, e.g. 1.0e-3 for online-calib [rad].
    sigma_c_relative_translation: 0.0 # The std. dev. of the cam. extr. transl. change between frames, e.g. 1.0e-6 for adaptive online calib (not less for numerics) [m].
    sigma_c_relative_orientation: 0.0 # The std. dev. of the cam. extr. orient. change between frames, e.g. 1.0e-6 for adaptive online calib (not less for numerics) [rad].
    # timestamp_tolerance: 0.005 # [s] stereo frame out-of-sync tolerance




imu_params:
    a_max: 176.0 # acceleration saturation [m/s^2]
    g_max: 7.8 # gyro saturation [rad/s]
    sigma_g_c: 0.0016017 # gyro noise density [rad/s/sqrt(Hz)] 0.00016017
    sigma_a_c: 0.0071376 # accelerometer noise density [m/s^2/sqrt(Hz)] 0.00071376
    sigma_bg: 0.03 # gyro bias prior [rad/s]
    sigma_ba: 0.1 # accelerometer bias prior [m/s^2]
    sigma_gw_c: 0.0000165 # gyro drift noise density [rad/s^s/sqrt(Hz)] 0.00000165
    sigma_aw_c: 0.0002874 # accelerometer drift noise density [m/s^2/sqrt(Hz)] 0.00002874
    tau: 3600.0 # reversion time constant, currently not in use [s]
    g: 9.81007 # Earth's acceleration due to gravity [m/s^2]
    a0: [ 0.0, 0.0, 0.0 ] # Accelerometer bias [m/s^2]
    imu_rate: 100
    # tranform Body-Sensor (IMU)
    T_BS:
        [0.0000, 0.0000, 1.0000, -0.018,
         1.0000, 0.0000, 0.0000, -0.016,
         0.0000, 1.0000, 0.0000, 0.0,
         0.0000, 0.0000, 0.0000, 1.0000]

sonar_params:
    T_SSo:
        [0.0000, 1.0000, 0.0000, 0.015995,
         -1.0000, 0.0000, 0.0000, 0.125,
         0.0000, 0.0000, 1.0000, 0.128,
         0.0000, 0.0000, 0.0000, 1.0000] # Stereo Rig V2

#gyroscope_noise_density: 0.2e-3, gyroscope_random_walk: 2.8577e-006

# Estimator parameters
numKeyframes: 5 # number of keyframes in optimisation window
numImuFrames: 3 # number of frames linked by most recent nonlinear IMU error terms

# ceres optimization options
ceres_options:
    minIterations: 3   # minimum number of iterations always performed
    maxIterations: 10  # never do more than these, even if not converged
    timeLimit: 0.035   # [s] negative values will set the an unlimited time limit

# detection
detection_options:
    threshold: 40.0      # detection threshold. By default the uniformity radius in pixels
    octaves: 0           # number of octaves for detection. 0 means single-scale at highest resolution
    maxNoKeypoints: 400  # restrict to a maximum of this many keypoints per image (strongest ones)   #Sharmin

# delay of images [s]:
imageDelay: 0.0  # in case you are using a custom setup, you will have to calibrate this. 0 for the VISensor.

# display debug images?
displayImages: true  # displays debug video and keyframe matches. May be slow.
publishDebugImages: false  # publish debug image to topic ~debug_image_x

# use direct driver
useDriver: false

# some options for how and what to publish -- optional in ROS-free version
publishing_options:
    publish_rate: 100                  # rate at which odometry updates are published only works properly if imu_rate/publish_rate is an integer!!
    publishLandmarks: true             # select, if you want to publish landmarks at all
    landmarkQualityThreshold: 1.0e-2   # landmark with lower quality will not be published
    maximumLandmarkQuality: 0.05       # landmark with higher quality will be published with the maximum colour intensity
    maxPathLength: 20                  # maximum length of the published path
    publishImuPropagatedState: false    # Should the state that is propagated with IMU messages be published? Or just the optimized ones?
    # provide custom World frame Wc
    T_Wc_W:
        [1.0000, 0.0000, 0.0000, 0.0000,
         0.0000, 1.0000, 0.0000, 0.0000,
         0.0000, 0.0000, 1.0000, 0.0000,
         0.0000, 0.0000, 0.0000, 1.0000]
    trackedBodyFrame: B                # B or S, the frame of reference that will be expressed relative to the selected worldFrame
    velocitiesFrame: Wc                # Wc, B or S,  the frames in which the velocities of the selected trackedBodyFrame will be expressed in

#Sharmin
isSonarUsed: false
isDepthUsed: false
isRelocalization: true
histogramMethod: "NONE" # NONE, HISTOGRAM, CLAHE
resizeFactor: 0.5  # by default 1.0. set this value if you want to resize the original image by this factor. You DO NOT need to change camera/projection matrix, those will be updated accordingly. 

#Posegraph Parameters 
loop_closure_params:
    enable: 1  
    min_correspondences: 25 #Minimum 2D to 3D correspondences required for loop closure
    #decrease for more loop closure, might result in false loop closure (20 to 40)
    pnp_reprojection_threshold: 20.0 #Reprojection threshold for PnP RANSAC
    #increase for more loop closure, might result in false loop closure (8 to 30)
    pnp_ransac_iterations: 100  #Number of iterations for PnP RANSAC
    keyframe_queue: -1 #Use 1 for real-time on robot. Something around 5-10 could be ideal. -1 not to skip keyframes at all.
    max_yaw_diff: 30.0 #Max yaw difference between keyframe and query frame (degrees)
    max_position_diff: 6.0 #Max position difference between keyframe and query frame (meters)

health:
    enable: 0
    min_keypoints: 15
    consecutive_keyframes: 3
    keyframe_wait_time: 2.0
    kps_per_quadrant: 1

global_map_params:
    enable: 1
    min_landmark_quality: 0.01

output_params:
    debug: 0
    output_dir: ~/ros_ws/src/SVIn/pose_graph 
    # does not detect ~, so full path is needed if the path is not detected, /tmp is used a default